{"nbformat":4,"nbformat_minor":0,"metadata":{"colab":{"name":"matrixInversion.ipynb","provenance":[],"collapsed_sections":[],"authorship_tag":"ABX9TyMvuzoh8V+ZC4OodV2G9XKN"},"kernelspec":{"name":"python3","display_name":"Python 3"}},"cells":[{"cell_type":"markdown","metadata":{"id":"gM9Pe-ggFDTt"},"source":["# Matrix inversion (using column-by-column approach)"]},{"cell_type":"markdown","metadata":{"id":"ZUlDqX6RxgC4"},"source":["For a square, nonsingular matrix $A$ we find the inverse matrix $A^{-1}$ such that $AA^{-1}=A^{-1}A=I$, where $I$ is the identity matrix.\n","\n","We find $A^{-1}$ using the column-by-column approach which can be done efficiently via LU factorization:\n","* Use LU factorization to find $L$ and $U$ matrices.\n","* Set $b_1=[1\\ 0\\ 0\\ \\ldots]$ and solve $Ax_1=b_1$ using LU factorization to obtain $x_1$ vector. $x_1$ is the first column of $A^{-1}$.\n","* Repeat with $b_2=[0\\ 1\\ 0 \\ldots]$, $b_3=[0\\ 0\\ 1 \\ldots]$ and so on to find the subsequent columns of $A^{-1}$.\n","\n"]},{"cell_type":"markdown","metadata":{"id":"BOs3F39m2gyE"},"source":["## Solution of a system using LU factorization (with partial pivoting):\n","\n","Recall that to solve the system of equations $Ax=b$ using LU factorization (with partial pivoting):\n","* Factorize $A$ into $L$ and $U$\n","* Solve $Ld=Pb$ to obtain $d$ vector\n","* Solve $Ux=d$ to obtain $x$ vector"]},{"cell_type":"markdown","metadata":{"id":"gfKEOxqS3meB"},"source":["### Example: \n","\n","Find the inverse of the matrix $A$ given below using the column-by-column approach via LU factorization. Verify that $AA^{-1}=I$. Compare the results with python built-in `inv` function."]},{"cell_type":"code","metadata":{"id":"0-hpboKRE-X1","executionInfo":{"status":"ok","timestamp":1601874962909,"user_tz":240,"elapsed":395,"user":{"displayName":"Reza Sheikhi","photoUrl":"","userId":"16513145905750587413"}},"outputId":"452f7537-3dfe-4954-f2c8-3041b4c22eca","colab":{"base_uri":"https://localhost:8080/","height":340}},"source":["import numpy as np\n","from scipy.linalg import lu\n","\n","A = np.array([[4., 6., 9.],[2., 1., 8.], [11., 5., 3.]])\n","n = A.shape[0]\n","Ainv = np.zeros((n,n),float)  #initiate the inverse of A as a nxn matrix with zeros\n","\n","PT,L,U = lu(A)   #lu function: does LU factorization with pivoting\n","P = PT.T # Note that the permutation matrix if the transpose of what lu returns\n","         # P is the matrix keeing track of row switching not PT\n","\n","print('Calc. x1:')\n","b1 = np.array([1., 0., 0.])\n","Pb = np.dot(P,b1)\n","d = np.linalg.solve(L,Pb)  #Ld=Pb solution\n","x1 = np.linalg.solve(U,d)  #Ux=d solution\n","Ainv[:,0] = x1  #set the first column as x1\n","print()\n","print('Calc. x2:')\n","b2 = np.array([0., 1., 0.])\n","Pb = np.dot(P,b2)\n","d = np.linalg.solve(L,Pb)  #Ld=Pb solution\n","x2 = np.linalg.solve(U,d)  #Ux=d solution\n","Ainv[:,1] = x2  #set the second column as x2\n","print()\n","print('Calc. x3:')\n","b3 = np.array([0., 0., 1.])\n","Pb = np.dot(P,b3)\n","d = np.linalg.solve(L,Pb)  #Ld=Pb solution\n","x3 = np.linalg.solve(U,d)  #Ux=d solution\n","Ainv[:,2] = x3  #set the third column as x3\n","\n","print('Ainv=\\n',Ainv)\n","print('Check: [A][Ainv]=\\n', np.dot(A,Ainv) ,'=I (except for the round-off error): verified')\n","\n","print()\n","print('Check: Ainv using python inv function:')\n","from scipy.linalg import inv\n","Ainv = inv(A)\n","print('Ainv=\\n',Ainv)\n","\n"],"execution_count":13,"outputs":[{"output_type":"stream","text":["Calc. x1:\n","\n","Calc. x2:\n","\n","Calc. x3:\n","Ainv=\n"," [[-0.11044776  0.08059701  0.11641791]\n"," [ 0.24477612 -0.25970149 -0.04179104]\n"," [-0.00298507  0.13731343 -0.0238806 ]]\n","Check: [A][Ainv]=\n"," [[ 1.00000000e+00 -8.32667268e-17 -3.46944695e-17]\n"," [-1.04083409e-17  1.00000000e+00 -2.77555756e-17]\n"," [-1.21864324e-16 -1.38777878e-16  1.00000000e+00]] =I (except for the round-off error): verified\n","\n","Check: Ainv using python inv function:\n","Ainv=\n"," [[-0.11044776  0.08059701  0.11641791]\n"," [ 0.24477612 -0.25970149 -0.04179104]\n"," [-0.00298507  0.13731343 -0.0238806 ]]\n"],"name":"stdout"}]},{"cell_type":"markdown","metadata":{"id":"eTOxl2p2CBHT"},"source":["# Exercise:\n","\n","Find the inverse of the matrix $A$ given below using the column-by-column approach via LU factorization. Verify that $AA^{-1}=I$. Compare the results with python built-in `inv` function.\n","\\begin{equation}[A]=\n","\\begin{bmatrix}\n","-3 & 9 & 19 & 9\\\\\n","4 & 5 & 8 & 6\\\\\n","3 & 7 & -1 & 8 \\\\\n","1 & -6 & 12 & 3 \\\\\n","\\end{bmatrix}\n","\\end{equation}"]}]}